SM_Ceiling_a_ba01_0
1
0.01
1
0
0.785398
0
5.8
0
-1.2
SM_FLstone_a_ba01_0
0.01
0.01
0.01
0
0.785398
0
2.4
0
1.5
SM_FLstone_a_ba01_1
0.01
0.01
0.01
0
0.785398
0
-3.19375
0.009285
1.42466
SM_FLstone_a_ba01_2
0.01
0.01
0.01
0
0.785398
0
-3.2945
0.009257
-4.18093
SM_FLstone_a_ba01_3
0.01
0.01
0.01
0
0.785398
0
-5.91781
0.009755
4.31001
SM_FLstone_a_ba01_4
0.01
0.01
0.01
0
0.785398
0
-0.446316
0.009464
4.28292
SM_FLstone_a_ba01_5
0.01
0.01
0.01
0
0.785398
0
-3.15712
0.009434
7.04843
SM_FLstone_a_ba01_6
0.01
0.01
0.01
0
0.785398
0
-6
0
-1.3
SM_FLstone_a_ba01_7
0.01
0.01
0.01
0
0.785398
0
-8.5
0.7
-4
SM_FLstone_a_ba01_8
0.01
0.01
0.01
0
0.785398
0
-5.96871
0.007911
-6.98393
SM_FLstone_b_ba01_0
0.01
0.01
0.01
0
2.35619
0
-6.3
0.7
-0.6
SM_StepStone_ba01_0
0.01
0.01
0.01
0
-1.5708
0
-6
0
2
SM_StepStone_ba01_1
0.01
0.01
0.01
0
-1.5708
0
-6
0
-0.946987
SM_StepStone_ba01_2
0.01
0.01
0.01
0
-1.5708
0
-6
0
5
SM_StepStone_ba01_3
0.01
0.01
0.01
0
-1.5708
0
-6
0
-3.9118
