SK_NewCheckPoint_0
0.01
0.01
0.01
0
0
0
19.3
0.14
-0.4
SM_ASdisplayPillar_A_ba01_0
0.01
0.01
0.01
0
3.14159
0
7.5
0.2
3.86978
SM_ASdisplayPillar_A_ba01_1
0.01
0.01
0.01
0
3.14159
0
7.5
0.2
5
SM_ASdisplayPillar_A_ba01_2
0.01
0.01
0.01
0
-1.5708
0
7.7
0.2
6.3
SM_ASdisplayPillar_A_ba01_3
0.01
0.01
0.01
0
-1.5708
0
8.9
0.250822
6.3
SM_ASdisplayPillar_A_ba01_4
0.01
0.01
0.01
0
-1.5708
0
9.3
0.2
6.3
SM_ASdisplayPillar_A_ba01_5
0.01
0.01
0.01
0
-1.5708
0
10.5
0.2
6.3
SM_ASdisplayPillar_A_ba01_6
0.01
0.01
0.01
0
-1.5708
0
10.9
0.2
6.3
SM_ASdisplayPillar_A_ba01_7
0.01
0.01
0.01
0
-1.5708
0
12
0.2
6.3
SM_ASdisplayPillar_bottom_ba01_0
0.01
0.01
0.01
0
-1.5708
0
7.5
0.3
4.5
SM_ASdisplayRack_ba01_0
0.01
0.01
0.01
0
-1.5708
0
10.6104
0.24339
6.35
SM_ASfloor_ba01_0
0.01
0.01
0.01
0
4.71239
0
8.1977
0.2
4.64836
SM_ASshowcase_ba01_0
0.01
0.01
0.01
0
1.5708
0
13.7025
0.217443
4.10607
SM_AlterCeiling_ba01_0
0.01
0.01
0.01
0
4.71239
0
-8.81848
10.3513
-0.532378
SM_AlterCeiling_ba01_1
0.01
0.01
0.01
0
1.5708
0.4
-7.28546
-1.6
-13.0121
SM_Armybed_ba01_0
0.01
0.01
0.01
0
0.6
0
-9.73368
0.772775
-6.25755
SM_BarBoard_ba01_0
0.01
0.01
0.01
0
3.14159
0
7.4
2.6
-6
SM_BarBoard_ba01_1
0.01
0.01
0.01
0
0
0
12.7867
2.6
-6
SM_BarBoard_ba01_2
0.01
0.01
0.01
0
4.71239
0
11.7449
2.6
-5
SM_BarBoard_ba01_3
0.01
0.01
0.01
0
4.71239
0
9.8
2.6
-5
SM_BarBoard_ba01_4
0.01
0.01
0.01
0
4.71239
0
8.28348
2.6
-5
SM_BarCounter_ba01_0
0.01
0.01
0.01
0
4.71239
0
11.1
0.2
-5.9
SM_BarFootRest_ba01_0
0.01
0.01
0.01
0
1.5708
0
10.7
0.2
-4.6
SM_BarPillar_ba01_0
0.01
0.01
0.01
0
0
0
7.3
1.2
-4.9
SM_BarPillar_ba01_1
0.01
0.01
0.01
0
0
0
7.23724
1.2
-7.15981
SM_BarPillar_ba01_2
0.01
0.01
0.01
0
0
0
12.9
1.2
-7.21229
SM_BarPillar_ba01_3
0.01
0.01
0.01
0
0
0
12.9
1.2
-4.9
SM_BarShelf_ba01_0
0.018
0.01
0.01
0
4.71239
0
10
0.2
-8.2
SM_Barfloor_ba01_0
0.013
0.01
0.01
0
4.71239
0
11.2691
0.1
-5.96481
SM_BeerServer_ba01_0
0.01
0.01
0.01
0
0
0
12.3022
1.3
-5.09811
SM_BikeA_ba01_0
0.01
0.01
0.01
0
0
0
1.19413
0.140487
4.25931
SM_Billiard_ba01_0
0.01
0.01
0.01
0
1.5708
0
-9.31763
0.778057
-1.98854
SM_CeilingVault_a_ba01_0
0.011
0.011
0.01
0
1.5708
0
11.5
15.3
-0.83
SM_CeilingVault_a_ba01_1
0.011
0.011
0.01
0
1.5708
0
20.1378
15.3
-0.801604
SM_CeilingVault_bra_ba01_0
0.011
0.011
0.014
0
1.5708
0
0.733706
15.3
-0.83
SM_CeilingVault_bra_ba01_1
0.01
0.01
0.01
0.5
-0.3
-0.8
9.27082
0.135725
-14.8181
SM_Ceiling_a_ba01_1
0.009
0.01
0.012
-44.507
0
0
-8.24409
9.29548
-6.61185
SM_Ceiling_a_ba01_10
0.01
0.01
0.013
0.558505
0
0
14
9.4
5
SM_Ceiling_a_ba01_11
0.01
0.01
0.013
0.558505
0
0
17
9.4
5
SM_Ceiling_a_ba01_12
0.01
0.01
0.013
0.558505
0
0
20.0835
9.4
5
SM_Ceiling_a_ba01_13
0.01
0.01
0.013
0.558505
0
0
22.9591
9.4
5
SM_Ceiling_a_ba01_14
0.01
0.01
0.013
-0.558505
0
0
8
9.4
-6.6
SM_Ceiling_a_ba01_15
0.01
0.01
0.013
-0.558505
0
0
11
9.4
-6.6
SM_Ceiling_a_ba01_16
0.01
0.01
0.013
-0.558505
0
0
14
9.4
-6.6
SM_Ceiling_a_ba01_17
0.01
0.01
0.013
-0.558505
0
0
17
9.4
-6.6
SM_Ceiling_a_ba01_18
0.01
0.01
0.013
-0.558505
0
0
20
9.4
-6.6
SM_Ceiling_a_ba01_19
0.01
0.01
0.013
-0.558505
0
0
23
9.4
-6.6
SM_Ceiling_a_ba01_2
0.009
0.01
0.012
-0.5
0
0
-5.60973
9.4
-6.71546
SM_Ceiling_a_ba01_3
0.008
0.01
0.011
0.7
0
0
-7.87514
9.52141
4.99411
SM_Ceiling_a_ba01_4
0.009
0.01
0.011
0.7
0
0
-5.40771
9.51075
5.08031
SM_Ceiling_a_ba01_5
0.016
0.01
0.013
0.6
0
0
-2.06311
9.3
4.9
SM_Ceiling_a_ba01_6
0.01
0.01
0.013
0.558505
0
0
2
9.4
5
SM_Ceiling_a_ba01_7
0.01
0.01
0.013
0.558505
0
0
4.86739
9.4
5
SM_Ceiling_a_ba01_8
0.01
0.01
0.013
0.558505
0
0
8
9.4
5
SM_Ceiling_a_ba01_9
0.01
0.01
0.013
0.558505
0
0
11
9.4
5
SM_Ceiling_b_ba01_0
0.01
0.01
0.01
0
-3.1
0.523599
-14.1494
9.3
-0.550696
SM_Ceiling_b_ba01_1
0.01
0.01
0.01
-6.52958
179.5
0.523599
-13.5702
9.2
1.72434
SM_Ceiling_b_ba01_2
0.011
0.01
0.011
-84622.5
5156.12
1847.92
-12.2615
9.2
3.77448
SM_Ceiling_b_ba01_3
0.01
0.01
0.01
0.2
-3.5
0.6
-13.7621
9.3
-2.79731
SM_Ceiling_b_ba01_4
0.011
0.01
0.01
25.6479
5160.92
25.9
-12.3398
9.33
-4.68069
SM_Ceiling_b_ba01_5
0.011
0.01
0.01
26.2183
121.551
32.6
-10.2869
9.3
-5.9165
SM_Ceiling_b_ba01_6
0.01
0.01
0.011
-64.155
-2.3
1.4
-10.0736
9.3
4.84348
SM_ClusterdPillar_ba01_0
0.01
0.01
0.01
0
0
0
-4.45
0.073175
7.00802
SM_ClusterdPillar_ba01_1
0.01
0.01
0.01
0
0
0
-4.45
0.05823
-8.5
SM_ClusterdPillar_ba01_2
0.01
0.01
0.01
0
0
0
6.5
0
-8.5
SM_DirtHole_ba01_0
0.01
0.01
0.01
0
0
0
19.4137
0.431029
-0.653652
SM_DropCurtainA_ba01_0
0.01
0.01
0.01
0
4.71239
0
1
0
-8.8
SM_DropCurtainB_ba01_0
0.01
0.01
0.01
0
4.71239
0
1
0
-8.5
SM_EntranceArch_ba01_0
0.01
0.01
0.01
0
1.5708
0
24.4001
0
-0.8
SM_EntranceDoor_ba01_0
0.01
0.01
0.01
0
1.5708
0
23.9001
0.1
-0.8
SM_FButtress_a_ba01_0
0.01
0.01
0.01
0
90.4
0
4.38982
-1.22809
-10.6671
SM_FButtress_a_ba01_1
0.01
0.01
0.01
0.3
88.2
0
-5.0999
0.077457
-18.4772
SM_FLstone_a_ba01_0
0.01
0.01
0.01
0
0.785398
0
2.8
0
2.8
SM_FLstone_a_ba01_1
0.01
0.01
0.01
0
0.785398
0
-2.8
0
2.8
SM_FLstone_a_ba01_10
0.01
0.01
0.01
0
0.785398
0
-8.9
0.7
0.35
SM_FLstone_a_ba01_11
0.01
0.01
0.01
0
2.35619
0
-11.7
0.7
-2.36887
SM_FLstone_a_ba01_12
0.01
0.01
0.01
0
2.35619
0
-11.6831
0.7
3.21892
SM_FLstone_a_ba01_13
0.01
0.01
0.01
0
2.35619
0
-11.6029
0.7
8.77204
SM_FLstone_a_ba01_14
0.01
0.01
0.01
0
0.785398
0
0
0
0
SM_FLstone_a_ba01_15
0.01
0.01
0.01
0
2.35619
0
-14.4907
0.7
-5.22141
SM_FLstone_a_ba01_16
0.01
0.01
0.01
0
2.35619
0
-14.4014
0.7
0.39027
SM_FLstone_a_ba01_17
0.01
0.01
0.01
0
2.35619
0
-14.4831
0.7
6.10813
SM_FLstone_a_ba01_18
0.01
0.01
0.01
0
2.35619
0
-17.1507
0.7
-2.26125
SM_FLstone_a_ba01_19
0.01
0.01
0.01
0
2.35619
0
-17.1121
0.772071
3.18919
SM_FLstone_a_ba01_2
0.01
0.01
0.01
0
0.785398
0
-2.8
0
-2.8
SM_FLstone_a_ba01_20
0.01
0.01
0.01
0
0.785398
0
-11.7
0.7
-8.06
SM_FLstone_a_ba01_21
0.01
0.01
0.01
0
0
0
-7.71353
0.073191
-6.91136
SM_FLstone_a_ba01_22
0.01
0.01
0.01
0
0.785398
0
-2.8
0
-8.4
SM_FLstone_a_ba01_23
0.01
0.01
0.01
0
0.785398
0
0
0
-5.6
SM_FLstone_a_ba01_24
0.01
0.01
0.01
0
0.785398
0
-8.52315
0.7
-10.44
SM_FLstone_a_ba01_25
0.01
0.01
0.01
0
0.785398
0
2.8
0.008623
-2.8
SM_FLstone_a_ba01_26
0.01
0.01
0.01
0
0.785398
0
2.8
0.00854
-8.4
SM_FLstone_a_ba01_27
0.01
0.01
0.01
0
0.785398
0
8.4
0
-8.4
SM_FLstone_a_ba01_28
0.01
0.01
0.01
0
0.785398
0
5.6
0.009197
-5.6
SM_FLstone_a_ba01_29
0.01
0.01
0.01
0
0.785398
0
5.6
0
0
SM_FLstone_a_ba01_3
0.01
0.01
0.01
0
0.785398
0
-5.6
0.009755
5.6
SM_FLstone_a_ba01_30
0.01
0.01
0.01
0
0.785398
0
8.4
0
-2.8
SM_FLstone_a_ba01_31
0.01
0.01
0.01
0
0.785398
0
14
0
-2.8
SM_FLstone_a_ba01_32
0.01
0.01
0.01
0
0.785398
0
19.6
0
-2.8
SM_FLstone_a_ba01_33
0.01
0.01
0.01
0
0.785398
0
25.1
0.008342
-2.8
SM_FLstone_a_ba01_34
0.01
0.01
0.01
0
0.785398
0
30.8
0
-2.8
SM_FLstone_a_ba01_37
0.01
0.01
0.01
0
0.785398
0
11.2
0
-5.6
SM_FLstone_a_ba01_38
0.01
0.01
0.01
0
0.785398
0
16.8
0
-5.6
SM_FLstone_a_ba01_39
0.01
0.01
0.01
0
0.785398
0
22.2978
0
-5.6
SM_FLstone_a_ba01_4
0.01
0.01
0.01
0
2.35619
0
0
0
5.6
SM_FLstone_a_ba01_40
0.01
0.01
0.01
0
0.785398
0
28
0
-5.6
SM_FLstone_a_ba01_41
0.01
0.01
0.01
0
0.7854
0
11.2
0
0
SM_FLstone_a_ba01_42
0.01
0.01
0.01
0
0.785398
0
16.7
0
0
SM_FLstone_a_ba01_43
0.01
0.01
0.01
0
0.785398
0
22.3
0
0
SM_FLstone_a_ba01_44
0.01
0.01
0.01
0
0.785398
0
27.9
0
0
SM_FLstone_a_ba01_45
0.01
0.01
0.01
0
0.785398
0
8.4
0
2.8
SM_FLstone_a_ba01_46
0.01
0.01
0.01
0
0.785398
0
13.9
0
2.8
SM_FLstone_a_ba01_47
0.01
0.01
0.01
0
0.785398
0
19.5
0
2.8
SM_FLstone_a_ba01_48
0.01
0.01
0.01
0
0.785398
0
25.1
0
2.8
SM_FLstone_a_ba01_49
0.01
0.01
0.01
0
0.785398
0
5.6
0
5.6
SM_FLstone_a_ba01_5
0.01
0.01
0.01
0
0.785398
0
-2.8
0.009434
8.4
SM_FLstone_a_ba01_50
0.01
0.01
0.01
0
0.785398
0
11.2
0
5.6
SM_FLstone_a_ba01_51
0.01
0.01
0.01
0
0.785398
0
16.7
0
5.6
SM_FLstone_a_ba01_52
0.01
0.01
0.01
0
0.785398
0
22.3
0
5.6
SM_FLstone_a_ba01_53
0.01
0.01
0.01
0
0.785398
0
2.8
0
8.4
SM_FLstone_a_ba01_54
0.01
0.01
0.01
0
0.785398
0
28
0
5.6
SM_FLstone_a_ba01_55
0.01
0.01
0.01
0
0.785398
0
8.4
0
8.4
SM_FLstone_a_ba01_56
0.01
0.01
0.01
0
0.785398
0
13.9
0
8.4
SM_FLstone_a_ba01_57
0.01
0.01
0.01
0
0.785398
0
19.5
0
8.4
SM_FLstone_a_ba01_58
0.01
0.01
0.01
0
0.785398
0
25.2
0
8.4
SM_FLstone_a_ba01_59
0.01
0.01
0.01
0
0.785398
0
19.5
0
-8.4
SM_FLstone_a_ba01_6
0.01
0.01
0.01
0
0.785398
0
-5.6
0
0
SM_FLstone_a_ba01_60
0.01
0.01
0.01
0
0.785398
0
25.1
0
-8.4
SM_FLstone_a_ba01_61
0.01
0.01
0.01
0
0.785398
0
-5.6
0
-11.2
SM_FLstone_a_ba01_62
0.01
0.01
0.01
0
0.785398
0
0
0
-16.8
SM_FLstone_a_ba01_63
0.01
0.01
0.01
0
0.785398
0
0
0
-11.2
SM_FLstone_a_ba01_64
0.01
0.01
0.01
0
0.785398
0
-2.8
0
-14
SM_FLstone_a_ba01_65
0.01
0.01
0.01
0
0.785398
0
2.8
0
-14
SM_FLstone_a_ba01_66
0.01
0.01
0.01
0
0.785398
0
5.6
0
-11.2
SM_FLstone_a_ba01_67
0.01
0.01
0.01
0
0.785398
0
5.6
0
-16.8
SM_FLstone_a_ba01_68
0.01
0.01
0.01
0
0.785398
0
-5.6
0
-16.8
SM_FLstone_a_ba01_69
0.01
0.01
0.01
0
0.785398
0
-2.8
0
-19.6
SM_FLstone_a_ba01_7
0.01
0.01
0.01
0
0.785398
0
-8.9
0.7
-5.2
SM_FLstone_a_ba01_70
0.01
0.01
0.01
0
0.785398
0
2.8
0
-19.6
SM_FLstone_a_ba01_71
0.01
0.01
0.01
0
0.785398
0
8.4
0.078973
-14
SM_FLstone_a_ba01_72
0.01
0.01
0.01
0
0.785398
0
0
0
-22.4
SM_FLstone_a_ba01_8
0.01
0.01
0.01
0
0.785398
0
-5.2
0
-5.2
SM_FLstone_a_ba01_9
0.01
0.01
0.01
0
0.785398
0
-8.9
0.7
5.8
SM_FLstone_b_ba01_1
0.01
0.01
0.01
0
2.35619
0
-6
0.7
-2.44245
SM_FLstone_b_ba01_2
0.01
0.01
0.01
0
2.35619
0
-6
0.7
3.13835
SM_FLstone_b_ba01_3
0.01
0.01
0.01
0
2.35619
0
-6.1
0.7
-8
SM_FLstone_b_ba01_4
0.01
0.01
0.01
-0.2
-3.5
0.1
17.222
0.375075
0.962843
SM_FLstone_b_ba01_5
0.01
0.01
0.01
-0.8
1.2
-0.6
18.3796
0.367176
-2.74037
SM_FLstone_b_ba01_6
0.01
0.01
0.01
1.2
-1.3
-1.5
21.393
0.385353
1.24728
SM_HammerBeam_ba01_0
0.01
0.01
0.01
0
-734244
0
-15.4101
5.8
-3.89969
SM_HammerBeam_ba01_1
0.01
0.01
0.01
0
-230.183
0
-13.8699
5.8
-5.90902
SM_HammerBeam_ba01_10
0.01
0.01
0.01
0
1.6
0
-7.33055
5.8
-8.46692
SM_HammerBeam_ba01_11
0.01
0.01
0.01
0
1.5708
0
-4.3798
5.8
-8.52299
SM_HammerBeam_ba01_12
0.01
0.01
0.015
0
4.71239
0
-4.512
5.8
6.82804
SM_HammerBeam_ba01_13
0.01
0.01
0.01
0
-1.5708
0
0.5
5.8
6.5
SM_HammerBeam_ba01_14
0.01
0.01
0.01
0
-1.5708
0
3.5
5.8
6.5
SM_HammerBeam_ba01_15
0.01
0.01
0.01
0
-1.5708
0
6.5
5.8
6.5
SM_HammerBeam_ba01_16
0.01
0.01
0.01
0
-1.5708
0
9.5
5.8
6.5
SM_HammerBeam_ba01_17
0.01
0.01
0.01
0
-1.5708
0
12.5
5.8
6.5
SM_HammerBeam_ba01_18
0.01
0.01
0.01
0
-1.5708
0
15.5
5.8
6.5
SM_HammerBeam_ba01_19
0.01
0.01
0.01
0
-1.5708
0
18.5
5.8
6.5
SM_HammerBeam_ba01_2
0.01
0.01
0.01
0
-3.2
0
-15.6028
5.8
-1.53763
SM_HammerBeam_ba01_21
0.01
0.01
0.01
0
-1.5708
0
21.5
5.8
6.5
SM_HammerBeam_ba01_22
0.01
0.01
0.01
0
1.5708
0
21.5
5.8
-8.5
SM_HammerBeam_ba01_23
0.01
0.01
0.01
0
1.5708
0
18.5
5.8
-8.5
SM_HammerBeam_ba01_24
0.01
0.01
0.01
0
1.5708
0
15.5
5.8
-8.5
SM_HammerBeam_ba01_25
0.01
0.01
0.01
0
1.5708
0
12.5
5.8
-8.5
SM_HammerBeam_ba01_26
0.01
0.01
0.01
0
1.5708
0
9.5
5.8
-8.34913
SM_HammerBeam_ba01_27
0.01
0.01
0.01
0
1.5708
0
6.5
5.8
-8.5
SM_HammerBeam_ba01_3
0.01
0.01
0.01
0
-2.9
0
-15.8862
5.8
0.854213
SM_HammerBeam_ba01_4
0.01
0.01
0.01
0
-2.5
0
-14.8081
5.8
2.96271
SM_HammerBeam_ba01_5
0.01
0.01
0.01
0
-2.2
0
-13.2867
5.8
4.97656
SM_HammerBeam_ba01_6
0.01
0.01
0.01
0
-1.8
0
-10.7821
5.8
6.36567
SM_HammerBeam_ba01_7
0.01
0.01
0.01
0
-1.5
0
-7.90978
5.8
6.55112
SM_HammerBeam_ba01_8
0.01
0.01
0.01
0
2
0
-11.8927
5.8
-7.40448
SM_HammerBeam_ba01_9
0.01
0.01
0.01
0
1.8
0
-9.73347
5.8
-8.04562
SM_Locker_ba01_0
0.02
0.02
0.02
0
3.05433
0
2.78541
0.011879
-17.38
SM_Locker_ba01_1
0.02
0.02
0.02
0
-3.9
0
4.59423
-0.028691
-16.5948
SM_LongCarpet_ba01_0
0.01
0.01
0.007
0
1.5708
0
5.08561
0.14
-0.8
SM_MapFrame_ba01_0
0.01
0.01
0.01
0
0
0
-9.68153
0.8
5.60181
SM_Map_A_ba01_0
0.01
0.01
0.01
0
0
0
-9.7
0.8
5.6
SM_Map_side_ba01_0
0.01
0.01
0.01
0
0
0
-9.6962
0.8
5.59
SM_Molding_a3m_ba01_1
0.01
0.01
0.01
0
1.5708
0
-7.7
2.7
-8.5
SM_Molding_a3m_ba01_10
0.01
0.01
0.01
0
-2.8
0
-15.3278
2.7
2.90273
SM_Molding_a3m_ba01_11
0.01
0.01
0.01
0
-2.5
0
-13.8417
2.7
4.88404
SM_Molding_a3m_ba01_12
0.01
0.01
0.01
0
-2.2
0
-11.8443
2.7
6.28489
SM_Molding_a3m_ba01_13
0.01
0.01
0.01
0
-1.9
0
-9.5491
2.7
7.04886
SM_Molding_a3m_ba01_14
0.01
0.01
0.01
0
-1.6
0
-6.80955
2.7
6.91873
SM_Molding_a3m_ba01_15
0.01
0.01
0.01
0
-1.6
0
-4.66063
2.7
6.94101
SM_Molding_a3m_ba01_16
0.01
0.01
0.01
0
-217.424
0
-15.2547
7.81797
-3.7266
SM_Molding_a3m_ba01_18
0.01
0.01
0.01
0
159.928
0
-15.938
7.80583
-1.23373
SM_Molding_a3m_ba01_19
0.01
0.01
0.01
0
-3.1
0
-15.6824
7.8
1.13812
SM_Molding_a3m_ba01_2
0.01
0.01
0.01
0
1.5708
0
-9.76774
2.7
-8.54178
SM_Molding_a3m_ba01_20
0.01
0.01
0.01
0
10289
0
-14.9315
7.8
3.08559
SM_Molding_a3m_ba01_21
0.01
0.01
0.01
0
-140.639
0
-12.8884
7.8
5.15127
SM_Molding_a3m_ba01_22
0.01
0.01
0.01
0
-236.613
0
-13.5563
7.8
-6.02451
SM_Molding_a3m_ba01_23
0.01
0.01
0.01
0
1.9
0
-11.8619
7.8
-7.33062
SM_Molding_a3m_ba01_24
0.01
0.01
0.01
0
1.5708
0
-7.10419
7.79133
-8.59995
SM_Molding_a3m_ba01_25
0.01
0.01
0.01
0
1.7
0
-9.50449
7.9
-8.15887
SM_Molding_a3m_ba01_26
0.01
0.01
0.01
0
4.2
0
-10.447
7.8
6.41183
SM_Molding_a3m_ba01_27
0.01
0.01
0.01
0
4.71239
0
-4.79326
7.8
6.77884
SM_Molding_a3m_ba01_28
0.01
0.01
0.01
0
-1.7
0
-7.97921
7.8
6.78095
SM_Molding_a3m_ba01_29
0.02
0.014
0.015
0
1.5708
0
-8.5
9.7
-5
SM_Molding_a3m_ba01_30
0.02
0.014
0.015
0
4.71239
0
-4
9.7
3.94306
SM_Molding_a3m_ba01_31
0.01
0.01
0.01
0
1.5708
0
9.5
7.7
-8.5
SM_Molding_a3m_ba01_32
0.01
0.01
0.01
0
1.5708
0
6.52519
7.7
-8.5
SM_Molding_a3m_ba01_33
0.01
0.01
0.01
0
1.5708
0
12.5
7.7
-8.5
SM_Molding_a3m_ba01_34
0.01
0.01
0.01
0
1.5708
0
15.5
7.7
-8.5
SM_Molding_a3m_ba01_35
0.01
0.01
0.01
0
1.5708
0
18.5
7.7
-8.5
SM_Molding_a3m_ba01_36
0.01
0.01
0.01
0
1.5708
0
21.5
7.7
-8.5
SM_Molding_a3m_ba01_37
0.01
0.01
0.017
0
-1.5708
0
0.5
7.7
7
SM_Molding_a3m_ba01_38
0.01
0.01
0.01
0
-1.5708
0
3.5
7.7
7
SM_Molding_a3m_ba01_39
0.01
0.01
0.01
0
-1.5708
0
6.5
7.7
7
SM_Molding_a3m_ba01_4
0.01
0.01
0.01
0
2.2
0
-14.0885
2.7
-6.24672
SM_Molding_a3m_ba01_40
0.01
0.01
0.01
0
-1.5708
0
9.5
7.7
7
SM_Molding_a3m_ba01_41
0.01
0.01
0.013
0
-1.5708
0
12.5
7.7
7
SM_Molding_a3m_ba01_42
0.01
0.01
0.01
0
-1.5708
0
15.5
7.7
7
SM_Molding_a3m_ba01_43
0.01
0.01
0.01
0
-1.5708
0
18.5
7.7
7
SM_Molding_a3m_ba01_44
0.01
0.01
0.01
0
-1.5708
0
21.5
7.7
7
SM_Molding_a3m_ba01_45
0.01
0.01
0.01
0
-1.5708
0
24.5
7.7
7
SM_Molding_a3m_ba01_5
0.01
0.01
0.01
0
-4.4
0
-12.4405
2.7
-7.65779
SM_Molding_a3m_ba01_6
0.01
0.01
0.01
0
-3.8
0
-15.6465
2.7
-4.19722
SM_Molding_a3m_ba01_7
0.01
0.01
0.01
0
90.8
0
-16.236
2.7
-2.01668
SM_Molding_a3m_ba01_8
0.01
0.01
0.01
0
-3.1
0
-16.1903
2.7
0.787228
SM_Molding_r_ba01_0
0.01
0.01
0.01
0
4.71239
0
-8.80894
9.67157
-0.54204
SM_NeonSignA_ba01_0
0.007
0.007
0.007
0
0
0
6.55215
0.588283
3.55
SM_NormalBayonetB_ba01_0
0.01
0.01
0.01
0
1.5708
0
11.9498
2.53376
6.05041
SM_NormalGreatSwordA_ba01_0
0.01
0.01
0.01
0.2
1.5708
0
11.1895
1.20565
6.1
SM_NormalGreatSwordB_ba01_0
0.01
0.01
0.01
0
0
0
7.76566
1.28492
5.77045
SM_Pillar_ba01_0
0.01
0.01
0.01
0
0
0
-7.2735
0
-8.20789
SM_Pillar_ba01_1
0.01
0.01
0.01
0
0.1
0
-9.78497
0
-8.28179
SM_Pillar_ba01_10
0.01
0.01
0.01
0
-12.9592
0
-10.7876
0
6.25215
SM_Pillar_ba01_11
0.01
0.01
0.01
0
0
0
-7.91603
0
6.49484
SM_Pillar_ba01_12
0.01
0.01
0.01
0
0
0
9.5
0
-8.6
SM_Pillar_ba01_13
0.01
0.01
0.01
0
0
0
12.5
0
-8.6
SM_Pillar_ba01_14
0.01
0.01
0.01
0
0
0
15.5
0
-8.6
SM_Pillar_ba01_15
0.01
0.01
0.01
0
0
0
18.5
0
-8.6
SM_Pillar_ba01_16
0.01
0.01
0.01
0
0
0
21.5
0
-8.6
SM_Pillar_ba01_17
0.01
0.01
0.01
0
0
0
0.5
0
6.7
SM_Pillar_ba01_18
0.01
0.01
0.01
0
0
0
3.5
0
6.7
SM_Pillar_ba01_19
0.01
0.01
0.01
0
0
0
6.5
0
6.7
SM_Pillar_ba01_2
0.01
0.01
0.01
0
0.6
0
-11.9608
0
-7.3777
SM_Pillar_ba01_20
0.01
0.01
0.01
0
0
0
9.5
0
6.7
SM_Pillar_ba01_21
0.01
0.01
0.01
0
0
0
12.5
0
6.7
SM_Pillar_ba01_22
0.01
0.01
0.01
0
0
0
15.5
0
6.7
SM_Pillar_ba01_23
0.01
0.01
0.01
0
0
0
18.5
0
6.7
SM_Pillar_ba01_24
0.01
0.01
0.01
0
0
0
21.5
0
6.7
SM_Pillar_ba01_25
0.045
0.022
0.045
-1.2
0.7
0
11.2496
0
-11.4709
SM_Pillar_ba01_3
0.01
0.01
0.01
0
50.9662
0
-13.8476
0
-5.88768
SM_Pillar_ba01_4
0.01
0.01
0.01
0
-2
0
-15.221
0
-3.78414
SM_Pillar_ba01_5
0.01
0.01
0.01
0
-1.7
0
-15.8235
0
-1.62335
SM_Pillar_ba01_6
0.01
0.01
0.01
0
1.8
0
-15.8361
0
0.837178
SM_Pillar_ba01_7
0.01
0.01
0.01
0
121.621
0
-14.7902
0
2.91868
SM_Pillar_ba01_8
0.01
0.01
0.01
0
-44.5366
0
-13.2592
0
4.94185
SM_Roof_a_ba01_5
0.01
0.01
0.01
0
1.5708
0
-6.60684
15.2
-0.4
SM_Roof_b_ba01_0
0.01
0.01
0.01
-0.7
1.2
0.1
20.6029
-1.84346
-14.3036
SM_Roof_c_ba01_0
0.01
0.01
0.01
0
-1.5708
0
-8.62845
15.1292
-0.410741
SM_RoseWinBase_s_ba01_0
0.152
0.122
0.131
0
1.5708
0
26.3792
-6.03598
-1.09775
SM_RoseWin_l_ba01_0
0.011
0.011
0.01
0
-1.5708
0
24.8
8.79999
-0.8
SM_RoseWin_l_ba01_1
0.01
0.01
0.01
-0.2
0.2
0.3
-0.493538
-0.329821
-19.4153
SM_StepStone_ba01_0
0.01
0.01
0.01
0
-1.5708
0
-6
0
2
SM_StepStone_ba01_1
0.01
0.01
0.01
0
-1.5708
0
-6
0
-0.946987
SM_StepStone_ba01_2
0.01
0.01
0.01
0
-1.5708
0
-6
0
5
SM_StepStone_ba01_3
0.01
0.01
0.01
0
-1.5708
0
-6
0
-3.9118
SM_StepStone_ba01_4
0.01
0.01
0.01
0
-1.5708
0
-6
0
-6.84837
SM_Wallin_ba01_0
0.01
0.01
0.01
0
1.5708
0
-6
0
7
SM_Wallin_ba01_1
0.01
0.01
0.01
0
1.5708
0
-8.39999
0
7
SM_Wallin_ba01_10
0.01
0.01
0.01
0
-1.25664
0
-10.8891
0
-8.28285
SM_Wallin_ba01_11
0.01
0.01
0.01
0
1.5708
0
-8.46065
0
-8.6618
SM_Wallin_ba01_12
0.01
0.01
0.01
0
-0.942478
0
-13.0907
0
-7.09636
SM_Wallin_ba01_13
0.01
0.01
0.01
0
1.5708
0
-6.03611
0
-8.63008
SM_Wallin_ba01_14
0.01
0.01
0.01
0
1.5708
0
8
0
-8.6
SM_Wallin_ba01_15
0.01
0.01
0.01
0
1.5708
0
11
0
-8.6
SM_Wallin_ba01_16
0.01
0.01
0.01
0
1.5708
0
14
0
-8.6
SM_Wallin_ba01_17
0.01
0.01
0.01
0
1.5708
0
17
0
-8.6
SM_Wallin_ba01_18
0.01
0.01
0.01
0
1.5708
0
20
0
-8.6
SM_Wallin_ba01_19
0.01
0.01
0.01
0
1.5708
0
23
0
-8.6
SM_Wallin_ba01_2
0.01
0.01
0.01
0
1.25664
0
-10.8554
0
6.65362
SM_Wallin_ba01_20
0.01
0.01
0.009
0
1.5708
0
-3.2
0
7
SM_Wallin_ba01_21
0.01
0.01
0.01
0
1.5708
0
5
0
7
SM_Wallin_ba01_22
0.01
0.01
0.01
0
1.5708
0
8
0
7
SM_Wallin_ba01_23
0.01
0.01
0.01
0
1.5708
0
-1
0
7
SM_Wallin_ba01_24
0.01
0.01
0.01
0
1.5708
0
2
0
7
SM_Wallin_ba01_25
0.01
0.01
0.01
0
1.5708
0
11
0
7
SM_Wallin_ba01_26
0.01
0.01
0.01
0
1.5708
0
14
0
7
SM_Wallin_ba01_27
0.01
0.01
0.01
0
1.5708
0
17
0
7
SM_Wallin_ba01_28
0.01
0.01
0.01
0
1.5708
0
20
0
7
SM_Wallin_ba01_29
0.01
0.01
0.01
0
1.5708
0
23
0
7
SM_Wallin_ba01_3
0.01
0.01
0.01
0
0.942478
0
-13.0092
0
5.46907
SM_Wallin_ba01_30
0.01
0.01
0.01
0.4
-0.1
-1
-5.1637
-0.533479
-17.4156
SM_Wallin_ba01_4
0.01
0.01
0.01
0
0.628319
0
-14.769
0
3.7348
SM_Wallin_ba01_5
0.01
0.01
0.01
0
0.314159
0
-15.9003
0
1.57386
SM_Wallin_ba01_6
0.01
0.01
0.01
0
0
0
-16.2424
0
-0.849975
SM_Wallin_ba01_7
0.01
0.01
0.01
0
-0.314159
0
-15.8911
0
-3.24783
SM_Wallin_ba01_8
0.01
0.01
0.01
0
-0.628319
0
-14.8249
0
-5.41416
SM_WeaponShop_ba01_0
0.01
0.01
0.01
0
0
0
6.77589
0.159869
4.14663
SM_WinWall_ba01_0
0.01
0.01
0.01
0
1.5708
0
-5.95265
3.2
-8.61365
SM_WinWall_ba01_1
0.01
0.01
0.01
0
-1.5
0
-8.65052
3.17147
-8.39956
SM_WinWall_ba01_11
0.01
0.01
0.01
0
61.1254
0
-9.3487
3.2
6.58019
SM_WinWall_ba01_12
0.01
0.01
0.01
0
-1.6
0
-6.30455
3.09062
6.71841
SM_WinWall_ba01_13
0.01
0.01
0.01
0
1.5708
0
8.00586
2.70701
-8.6
SM_WinWall_ba01_14
0.01
0.01
0.01
0
1.5708
0
11.1632
2.7
-8.6
SM_WinWall_ba01_15
0.01
0.01
0.01
0
1.5708
0
14
2.7
-8.6
SM_WinWall_ba01_16
0.01
0.01
0.01
0
1.5708
0
17.1
2.7
-8.6
SM_WinWall_ba01_17
0.01
0.01
0.01
0
1.5708
0
20
2.7
-8.6
SM_WinWall_ba01_18
0.01
0.01
0.01
0
1.5708
0
23
2.7
-8.6
SM_WinWall_ba01_19
0.01
0.01
0.01
0
1.5708
0
23
2.7
7
SM_WinWall_ba01_2
0.01
0.01
0.01
0
-1.2
0
-10.8468
3.19882
-7.85203
SM_WinWall_ba01_20
0.01
0.01
0.01
0
1.5708
0
20
2.7
7
SM_WinWall_ba01_21
0.01
0.01
0.01
0
1.5708
0
17
2.7
7
SM_WinWall_ba01_22
0.01
0.01
0.01
0
1.5708
0
11
2.7
7
SM_WinWall_ba01_23
0.01
0.01
0.01
0
1.5708
0
14
2.7
7
SM_WinWall_ba01_24
0.01
0.01
0.01
0
1.5708
0
8
2.7
7
SM_WinWall_ba01_25
0.01
0.01
0.01
0
1.5708
0
5
2.7
7
SM_WinWall_ba01_26
0.01
0.01
0.01
0
1.5708
0
2
2.7
7
SM_WinWall_ba01_27
0.01
0.011
0.015
0
1.5708
0
-2
2.7
7
SM_WinWall_ba01_28
0.01
0.01
0.01
0
1.5708
0
23
10.4
3.5
SM_WinWall_ba01_29
0.01
0.01
0.01
0
1.5708
0
20
10.4
3.5
SM_WinWall_ba01_3
0.01
0.01
0.01
0
-0.9
0
-12.8576
3.10083
-6.66783
SM_WinWall_ba01_30
0.01
0.01
0.01
0
1.5708
0
17
10.4
3.5
SM_WinWall_ba01_31
0.01
0.01
0.01
0
1.5708
0
14
10.4
3.5
SM_WinWall_ba01_32
0.01
0.01
0.01
0
1.5708
0
11
10.4
3.5
SM_WinWall_ba01_33
0.01
0.01
0.01
0
1.5708
0
8
10.4
3.5
SM_WinWall_ba01_34
0.01
0.01
0.01
0
1.5708
0
5
10.4
3.5
SM_WinWall_ba01_35
0.01
0.01
0.01
0
1.5708
0
2
10.4
3.5
SM_WinWall_ba01_36
0.01
0.01
0.011
0
1.5708
0
-4.5
10.4
3.5
SM_WinWall_ba01_37
0.01
0.01
0.01
0
1.5708
0
-7.5
10.3
3.5
SM_WinWall_ba01_38
0.01
0.01
0.01
0
1.5708
0
23
10.4
-4.9
SM_WinWall_ba01_39
0.01
0.01
0.01
0
1.5708
0
20
10.4
-4.9
SM_WinWall_ba01_4
0.01
0.01
0.01
0
-0.6
0
-14.6991
3.07773
-4.88928
SM_WinWall_ba01_40
0.01
0.01
0.01
0
1.5708
0
17
10.4
-4.9
SM_WinWall_ba01_41
0.01
0.01
0.01
0
1.5708
0
14
10.4
-4.9
SM_WinWall_ba01_42
0.01
0.01
0.01
0
1.5708
0
11
10.4
-4.9
SM_WinWall_ba01_43
0.01
0.01
0.01
0
1.5708
0
8
10.4
-4.9
SM_WinWall_ba01_44
0.01
0.01
0.01
0
1.5708
0
-7.5
10.4
-4.7
SM_WinWall_ba01_45
0.01
0.01
0.011
0
1.5708
0
-1.2
10.4
3.5
SM_WinWall_ba01_46
0.01
0.01
0.01
0.7
-3.6
-1.4
-6.95369
0.859707
-16.9875
SM_WinWall_ba01_5
0.01
0.01
0.01
0
-0.3
0
-15.6901
3.06735
-2.7955
SM_WinWall_ba01_6
0.01
0.01
0.01
0
6.32958
0
-16.0645
3.184
-0.413697
SM_WinWall_ba01_7
0.01
0.01
0.01
0
0.4
0
-15.508
3.08442
1.9665
SM_WinWall_ba01_8
0.01
0.01
0.01
0
0.7
0
-14.1425
3.09955
4.02497
SM_WinWall_ba01_9
0.01
0.01
0.01
0
3299.79
0
-12.0859
3.19759
5.70846
