50
-4.75
60
52.5
-5.16
58
52.5
-5.14
55.7
52.5
-5.14
55.7
48
-4.71
55
50
-4.75
60
50
-4.75
60
48
-4.71
55
43
-4.78
60
48
-4.71
55
41.7
-4.77
53
43
-4.78
60
41.7
-4.77
53
40
-4.77
59
43
-4.78
60
41.7
-4.77
53
37
-4.77
55
40
-4.77
59
41.7
-4.77
53
40.5
-4.78
50
37
-4.77
55
40.5
-4.78
50
33
-4.77
57
37
-4.77
55
40.5
-4.78
50
34
-4.79
45
33
-4.77
57
33
-4.77
57
34
-4.79
45
27
-4.66
55
34
-4.79
45
27
-4.76
42
27
-4.66
55
27
-4.76
42
22
-4.76
44
27
-4.66
55
22
-4.76
44
18
-4.9
52.5
27
-4.66
55
22
-4.76
44
19.5
-4.88
46
18
-4.9
52.5
19.5
-4.88
46
14
-4.9
51
18
-4.9
52.5
19.5
-4.88
46
17
-4.91
47.5
14
-4.9
51
17
-4.91
47.5
10.5
-4.91
43
14
-4.9
51
10.5
-4.91
43
9
-5.08
49
14
-4.9
51
10.5
-4.91
43
-2
-4.97
44
9
-5.08
49
10.5
-4.91
43
0.43
-4.9
37.5
-2
-4.97
44
0.43
-4.9
37.5
-4.4
-4.68
37
-2
-4.97
44
-4.4
-4.68
37
-11.5
-4.61
43
-2
-4.97
44
-4.4
-4.68
37
-14
-4.61
41.5
-11.5
-4.61
43
-4.4
-4.68
37
-8
-4.65
36.3
-14
-4.61
41.5
-8
-4.65
36.3
-14
-4.65
33
-14
-4.61
41.5
-14
-4.65
33
-16.5
-4.9
40.5
-14
-4.61
41.5
-16.5
-4.9
40.5
-14.3
-4.65
42.7
-14
-4.61
41.5
-16.5
-4.9
40.5
-15.45
-4.7
42.52
-14.3
-4.65
42.7
-8
-4.65
36.3
-10.6
-4.65
34.6
-14
-4.65
33
-10.6
-4.65
34.6
-10.8
-4.65
33.3
-14
-4.65
33
-10.8
-4.65
33.3
-10.2
-4.2
33
-14
-4.65
33
-10.2
-4.2
33
-13.3
-4.02
32.5
-14
-4.65
33
-10.2
-4.2
33
-9.7
-3.52
32.2
-13.3
-4.02
32.5
-9.7
-3.52
32.2
-12.9
-3.41
31.8
-13.3
-4.02
32.5
-9.7
-3.52
32.2
-9.38
-2.65
30.5
-12.9
-3.41
31.8
-9.38
-2.65
30.5
-12
-2.55
30.35
-12.9
-3.41
31.8
-9.38
-2.65
30.5
-7.5
-0.4
25
-12
-2.55
30.35
-7.5
-0.4
25
-10.5
-0.47
25
-12
-2.55
30.35
-7.5
-0.4
25
-7.31
0.73
22.07
-10.5
-0.47
25
-7.31
0.73
22.07
-9.4
0.75
22
-10.5
-0.47
25
-7.31
0.73
22.07
-5.78
1.64
17
-9.4
0.75
22
-5.78
1.64
17
-8.6
1.6
16.6
-9.4
0.75
22
-5.78
1.64
17
-5
2.3
15.7
-8.6
1.6
16.6
-5
2.3
15.7
-8.7
1.96
15.5
-8.6
1.6
16.6
-5
2.3
15.7
-2.4
2.8
15
-8.7
1.96
15.5
-2.4
2.8
15
-9.6
2.35
14.4
-8.7
1.96
15.5
-9.6
2.35
14.4
-10.3
2.51
20
-8.7
1.96
15.5
-8.7
1.96
15.5
-10.3
2.51
20
-8.6
1.6
16.6
-8.6
1.6
16.6
-10.3
2.51
20
-9.4
2.37
20.6
-8.6
1.6
16.6
-9.4
2.37
20.6
-9.4
0.75
22
-10.3
2.51
20
-11
2.94
25.5
-9.4
2.37
20.6
-9.4
2.37
20.6
-11
2.94
25.5
-9.4
0.75
22
-9.4
0.75
22
-11
2.94
25.5
-10.5
-0.47
25
-9.6
2.35
14.4
-12
3.1
14.4
-10.3
2.51
20
-12
3.1
14.4
-13
3.51
22.3
-10.3
2.51
20
-10.3
2.51
20
-13
3.51
22.3
-11
2.94
25.5
-13
3.51
22.3
-12.9
3.75
25
-11
2.94
25.5
-2.4
2.8
15
0.1
3
8.5
-9.6
2.35
14.4
0.1
3
8.5
-9.8
3
8.5
-9.6
2.35
14.4
-9.8
3
8.5
-12
3.1
14.4
-9.6
2.35
14.4
-2.4
2.8
15
0.72
3.04
12.5
0.1
3
8.5
0.1
3
8.5
0.1
3
3.8
-9.8
3
8.5
0.1
3
3.8
-9.2
2.94
2.8
-9.8
3
8.5
0.1
3
3.8
-5.7
3
-0
-9.2
2.94
2.8
0.1
3
3.8
2.65
3.05
-1
-5.7
3
0
2.65
3.05
-1
-2
3
-4.2
-5.7
3
0
-2
3
-4.2
-6.36
3.08
-2.1
-5.7
3
0
-2
3
-4.2
-8.5
3.2
-2.95
-6.36
3.08
-2.1
-2
3
-4.2
-2.6
3.1
-6.5
-8.5
3.2
-2.95
-2.6
3.1
-6.5
-10.5
3.35
-7.1
-8.5
3.2
-2.95
-10.5
3.35
-7.1
-11.6
2.9
-2.95
-8.5
3.2
-2.95
-11.6
2.9
-2.95
-10.6
2.84
-1.84
-8.5
3.2
-2.95
-10.5
3.35
-7.1
-13.9
3.59
-5.91
-11.6
2.9
-2.95
-2.6
3.1
-6.5
-1.3
3
-7.45
-10.5
3.35
-7.1
-1.3
3
-7.45
-1.5
3.1
-11
-10.5
3.35
-7.1
-10.5
3.35
-7.1
-16
3.3
-10
-13.9
3.59
-5.91
-1.5
3.1
-11
-10
3
-14
-10.5
3.35
-7.1
-10.5
3.35
-7.1
-10
3
-14
-16
3.3
-10
-10
3
-14
-14
3
-17
-16
3.3
-10
-1.5
3.1
-11
-0.7
3.56
-14
-10
3
-14
-0.7
3.56
-14
2.7
3.7
-17
-10
3
-14
2.7
3.7
-17
-7
3.65
-16
-10
3
-14
-10
3
-14
-7
3.65
-16
-14
3
-17
2.7
3.7
-17
3
3.67
-20
-7
3.65
-16
3
3.67
-20
0.6
3.64
-23
-7
3.65
-16
0.6
3.64
-23
-3.5
3.5
-22.5
-7
3.65
-16
-3.5
3.5
-22.5
-11
3.35
-18.5
-7
3.65
-16
-7
3.65
-16
-11
3.35
-18.5
-14
3
-17
-3.5
3.5
-22.5
-8.5
3.5
-26
-11
3.35
-18.5
-11
3.35
-18.5
-13
3.47
-21
-14
3
-17
-8.5
3.5
-26
-15
3.25
-26
-11
3.35
-18.5
-11
3.35
-18.5
-15
3.25
-26
-13
3.47
-21
-8.5
3.5
-26
-10
3.6
-28
-15
3.25
-26
-10
3.6
-28
-17
3.1
-30
-15
3.25
-26
-10
3.6
-28
-11.5
3.3
-32
-17
3.1
-30
-11.5
3.3
-32
-11
3.47
-39
-17
3.1
-30
-11
3.47
-39
-19
3.47
-33.5
-17
3.1
-30
-11
3.47
-39
-21
3.4
-34
-19
3.47
-33.5
-11
3.47
-39
-17
3.3
-39
-21
3.4
-34
-11
3.47
-39
-11
3.95
-41
-17
3.3
-39
-11
3.95
-41
-15.5
3.7
-41
-17
3.3
-39
-11
3.95
-41
-10
3.87
-45
-15.5
3.7
-41
-10
3.87
-45
-16.5
3.92
-44.6
-15.5
3.7
-41
-10
3.87
-45
-19
3.95
-46.5
-16.5
3.92
-44.6
-10
3.87
-45
-10.5
4.4
-46
-19
3.95
-46.5
-10.5
4.4
-46
-10
4.72
-48
-19
3.95
-46.5
-10
4.72
-48
-18
4.97
-52
-19
3.95
-46.5
-10
4.72
-48
-8
4.85
-49.5
-18
4.97
-52
-8
4.85
-49.5
-18
5.2
-54.7
-18
4.97
-52
-8
4.85
-49.5
-8.5
5
-51.8
-18
5.2
-54.7
-8.5
5
-51.8
-17
5.75
-56
-18
5.2
-54.7
-8.5
5
-51.8
-8.5
5.4
-53
-17
5.75
-56
-8.5
5.4
-53
-11
5.75
-55
-17
5.75
-56
-11
5.75
-55
-12
5.8
-57
-17
5.75
-56
-18
5.2
-54.7
-17
5.75
-56
-18
5.6
-56
-17
5.75
-56
-18.9
5.83
-60
-18
5.6
-56
-17
5.75
-56
-17
5.81
-62
-18.9
5.83
-60
-12
5.8
-57
-17
5.81
-62
-17
5.75
-56
-12
5.8
-57
-14
5.8
-61.5
-17
5.81
-62
-12
5.8
-57
-13
5.8
-62
-14
5.8
-61.5
-12
5.8
-57
-10
5.8
-58
-13
5.8
-62
-10
5.8
-58
-10
5.88
-61.0595
-13
5.8
-62
-8.5
5
-51.8
-7
5.45
-53
-8.5
5.4
-53
-8.5
5.4
-53
-8.5
5.7
-56
-11
5.75
-55
-8.5
5.4
-53
-7
5.45
-53
-8.5
5.7
-56
-7
5.45
-53
-4.75
6
-53.7
-8.5
5.7
-56
-4.75
6
-53.7
-5.75
5.65
-56
-8.5
5.7
-56
-4.75
6
-53.7
-4.7
6
-56
-5.75
5.65
-56
-4.75
6
-53.7
-2
6.3
-55.5
-4.7
6
-56
-4.75
6
-53.7
-2.9
6.15
-53
-2
6.3
-55.5
-4.7
6
-56
-2
6.3
-55.5
-2.2
6.1
-58
-2.9
6.15
-53
-1.5
6.1
-53.5
-2
6.3
-55.5
-1.5
6.1
-53.5
5
6.33
-53
-2
6.3
-55.5
-1.5
6.1
-53.5
3
6.5
-51
5
6.33
-53
-2
6.3
-55.5
5
6.33
-53
-2.2
6.1
-58
-2.2
6.1
-58
5
6.33
-53
-2.2
6.1
-60
5
6.33
-53
3.45
6.45
-55
-2.2
6.1
-60
3.45
6.45
-55
-1.5
6.45
-64
-2.2
6.1
-60
-2.2
6.1
-60
-1.5
6.45
-64
-3.15
6.31
-61
3
6.5
-51
6.34
6.25
-47.5
5
6.33
-53
6.34
6.25
-47.5
12.5
6.26
-47
5
6.33
-53
12.5
6.26
-47
8.5
6.14
-60
5
6.33
-53
5
6.33
-53
8.5
6.14
-60
3.45
6.45
-55
3.45
6.45
-55
8.5
6.14
-60
-1.5
6.45
-64
8.5
6.14
-60
-1.32
6.32
-71.4
-1.5
6.45
-64
8.5
6.14
-60
3.64
6.41
-76.3
-1.32
6.32
-71.4
12.5
6.26
-47
20
6.38
-48
8.5
6.14
-60
20
6.38
-48
18
6.6
-60
8.5
6.14
-60
8.5
6.14
-60
18
6.6
-60
3.64
6.41
-76.3
3.64
6.41
-76.3
18
6.6
-60
8
6.55
-79.5
18
6.6
-60
19
6.8
-78.5
8
6.55
-79.5
18
6.6
-60
29
6.86
-70.5
19
6.8
-78.5
18
6.6
-60
30
7
-60
29
6.86
-70.5
18
6.6
-60
20
6.38
-48
30
7
-60
