-15.2793
0.8
-0.992838
-11.0133
0.8
5.46256
-10.1497
0.8
-0.640972
-15.2793
0.8
-0.992838
-10.1497
0.8
-0.640972
-10.278
0.8
-5.10428
-15.2793
0.8
-0.992838
-10.278
0.8
-5.10428
-14.3639
0.8
-4.94231
-14.3639
0.8
-4.94231
-10.278
0.8
-5.10428
-11.0645
0.8
-6.15854
-14.3639
0.8
-4.94231
-11.0645
0.8
-6.15854
-12.0299
0.8
-6.86806
-12.0299
0.8
-6.86806
-11.0645
0.8
-6.15854
-9.58056
0.8
-7.88174
-9.58056
0.8
-7.88174
-11.0645
0.8
-6.15854
-9.12855
0.8
-7.18102
-10.1497
0.8
-0.640972
-9.96013
0.8
-3.54965
-10.278
0.8
-5.10428
-9.96013
0.8
-3.54965
-8.66849
0.8
-6.23188
-10.278
0.8
-5.10428
-6.06914
0.8
-7.75313
-9.58056
0.8
-7.88174
-9.12855
0.8
-7.18102
-6.06914
0.8
-7.75313
-9.12855
0.8
-7.18102
-8.66849
0.8
-6.23188
-6.06914
0.8
-7.75313
-8.66849
0.8
-6.23188
-6.07203
0.8
-6.21188
-6.07203
0.8
-6.21188
-8.66849
0.8
-6.23188
-9.96013
0.8
-3.54965
-6.07203
0.8
-6.21188
-9.96013
0.8
-3.54965
-8.56947
0.8
-3.48734
-6.07203
0.8
-6.21188
-8.56947
0.8
-3.48734
-6.1138
0.8
-3.45953
-10.1497
0.8
-0.640972
-11.0133
0.8
5.46256
-10.2438
0.8
4.78424
-10.1497
0.8
-0.640972
-10.2438
0.8
4.78424
-7.54583
0.8
4.46352
-10.1497
0.8
-0.640972
-7.54583
0.8
4.46352
-8.58539
0.8
-0.575294
-8.56947
0.8
-3.48734
-8.58539
0.8
-0.575294
-6.1138
0.8
-3.45953
-6.1138
0.8
-3.45953
-8.58539
0.8
-0.575294
-6.21892
0.8
-0.364049
-6.21892
0.8
-0.364049
-8.58539
0.8
-0.575294
-7.54583
0.8
4.46352
-6.21892
0.8
-0.364049
-7.54583
0.8
4.46352
-6.13464
0.8
6.11583
-10.2438
0.8
4.78424
-6.13464
0.8
6.11583
-7.54583
0.8
4.46352
-6.06914
0.8
-7.75313
-6.07203
0.8
-6.21188
-4.74092
0.2
-7.77242
-6.13464
0.8
6.11583
-4.6555
0.2
6.26074
-6.21892
0.8
-0.364049
-6.21892
0.8
-0.364049
-4.6555
0.2
6.26074
-4.54892
0.2
-0.364049
-6.1138
0.8
-3.45953
-6.21892
0.8
-0.364049
-4.54892
0.2
-0.364049
-6.1138
0.8
-3.45953
-4.54892
0.2
-0.364049
-4.52697
0.2
-3.54736
-6.07203
0.8
-6.21188
-6.1138
0.8
-3.45953
-4.52697
0.2
-3.54736
-6.07203
0.8
-6.21188
-4.52697
0.2
-3.54736
-4.55602
0.2
-6.21442
-4.74092
0.2
-7.77242
-6.07203
0.8
-6.21188
-4.55602
0.2
-6.21442
