-15.2793
0.8
-0.992838
-11.0133
0.8
5.46256
-10.1497
0.8
-0.640972
-15.2793
0.8
-0.992838
-10.1497
0.8
-0.640972
-10.278
0.8
-5.10428
-15.2793
0.8
-0.992838
-10.278
0.8
-5.10428
-14.3639
0.8
-4.94231
-14.3639
0.8
-4.94231
-10.278
0.8
-5.10428
-11.0645
0.8
-6.15854
-14.3639
0.8
-4.94231
-11.0645
0.8
-6.15854
-12.0299
0.8
-6.86806
-12.0299
0.8
-6.86806
-11.0645
0.8
-6.15854
-9.58056
0.8
-7.88174
-9.58056
0.8
-7.88174
-11.0645
0.8
-6.15854
-9.12855
0.8
-7.18102
-10.1497
0.8
-0.640972
-9.96013
0.8
-3.54965
-10.278
0.8
-5.10428
-9.96013
0.8
-3.54965
-8.66849
0.8
-6.23188
-10.278
0.8
-5.10428
-6.06914
0.8
-7.75313
-9.58056
0.8
-7.88174
-9.12855
0.8
-7.18102
-6.06914
0.8
-7.75313
-9.12855
0.8
-7.18102
-8.66849
0.8
-6.23188
-6.06914
0.8
-7.75313
-8.66849
0.8
-6.23188
-6.07203
0.8
-6.21188
-6.07203
0.8
-6.21188
-8.66849
0.8
-6.23188
-9.96013
0.8
-3.54965
-14.3639
0.8
-4.94231
-9.96013
0.8
-3.54965
-8.56947
0.8
-3.48734
-6.07203
0.8
-6.21188
-8.56947
0.8
-3.48734
-6.1138
0.8
-3.45953
-10.1497
0.8
-0.640972
-11.0133
0.8
5.46256
-10.2438
0.8
4.78424
-10.1497
0.8
-0.640972
-10.2438
0.8
4.78424
-7.54583
0.8
4.46352
-10.1497
0.8
-0.640972
-7.54583
0.8
4.46352
-8.58539
0.8
-0.575294
-8.56947
0.8
-3.48734
-8.58539
0.8
-0.575294
-6.1138
0.8
-3.45953
-6.1138
0.8
-3.45953
-8.58539
0.8
-0.575294
-6.21892
0.8
-0.364049
-6.21892
0.8
-0.364049
-8.58539
0.8
-0.575294
-7.54583
0.8
4.46352
-6.21892
0.8
-0.364049
-7.54583
0.8
4.46352
-6.13464
0.8
6.11583
-10.2438
0.8
4.78424
-6.13464
0.8
6.11583
-7.54583
0.8
4.46352
-6.06914
0.8
-7.75313
-6.07203
0.8
-6.21188
-4.74092
0.2
-7.77242
-6.13464
0.8
6.11583
-4.6555
0.2
6.26074
-6.21892
0.8
-0.364049
-6.21892
0.8
-0.364049
-4.6555
0.2
6.26074
-4.54892
0.2
-0.364049
-6.1138
0.8
-3.45953
-6.21892
0.8
-0.364049
-4.54892
0.2
-0.364049
-6.1138
0.8
-3.45953
-4.54892
0.2
-0.364049
-4.52697
0.2
-3.54736
-6.07203
0.8
-6.21188
-6.1138
0.8
-3.45953
-4.52697
0.2
-3.54736
-6.07203
0.8
-6.21188
-4.52697
0.2
-3.54736
-4.55602
0.2
-6.21442
-4.74092
0.2
-7.77242
-6.07203
0.8
-6.21188
-4.55602
0.2
-6.21442
-4.74092
0.2
-7.77242
-4.55602
0.2
-6.21442
-2.14981
0.1
-5.31861
0.805172
0.088699
5.73809
-4.54892
0.2
-0.364049
-4.6555
0.2
6.26074
-2.14981
0.1
-5.31861
-4.55602
0.2
-6.21442
-4.52697
0.2
-3.54736
0.805172
0.088699
5.73809
-4.52697
0.2
-3.54736
-4.54892
0.2
-0.364049
-2.14981
0.1
-5.31861
-4.52697
0.2
-3.54736
0.805172
0.088699
5.73809
0.7424
0.1
3.07809
-2.14981
0.1
-5.31861
0.805172
0.088699
5.73809
-4.74092
0.2
-7.77242
-2.14981
0.1
-5.31861
-0.349271
0.1
-4.88282
-0.349271
0.1
-4.88282
-2.14981
0.1
-5.31861
0.7424
0.1
3.07809
-0.349271
0.1
-4.88282
0.7424
0.1
3.07809
1.65099
0.1
3.02414
1.65099
0.1
3.02414
1.6545
0.2
6.09074
4.54873
0.6
5.69595
1.65099
0.1
3.02414
4.54873
0.6
5.69595
4.70768
0.25
3.26351
-0.349271
0.1
-4.88282
1.65099
0.1
3.02414
4.70768
0.25
3.26351
-0.349271
0.1
-4.88282
4.70768
0.25
3.26351
6.95681
0.1
-4.72592
6.95681
0.1
-4.72592
4.70768
0.25
3.26351
8.55603
0.25
3.24754
8.55603
0.25
3.24754
8.40959
0.39
5.34526
13.0475
0.25
5.71
8.55603
0.25
3.24754
13.0475
0.25
5.71
12.9726
0.25
3.30555
6.95681
0.1
-4.72592
8.55603
0.25
3.24754
12.9726
0.25
3.30555
6.95681
0.1
-4.72592
12.9726
0.25
3.30555
12.3705
0.25
-4.49898
12.9726
0.25
3.30555
16.0433
0.25
2.41866
12.3705
0.25
-4.49898
16.0433
0.25
2.41866
16.2099
0.25
-4.65088
12.3705
0.25
-4.49898
12.9726
0.25
3.30555
14.3953
0.252651
3.42204
16.0433
0.25
2.41866
14.3953
0.252651
3.42204
14.41
0.25
6.26074
16.0433
0.25
2.41866
14.41
0.25
6.26074
22.9601
0.25
6.20256
16.0433
0.25
2.41866
16.0433
0.25
2.41866
17.8887
0.635272
1.33675
16.2099
0.25
-4.65088
17.8293
0.639169
-2.21821
16.2099
0.25
-4.65088
17.8887
0.635272
1.33675
17.8887
0.635272
1.33675
16.0433
0.25
2.41866
22.9601
0.25
6.20256
17.8887
0.635272
1.33675
22.9601
0.25
6.20256
21.115
0.583372
0.948377
17.8293
0.639169
-2.21821
17.8887
0.635272
1.33675
19.51
0.1
-0.364049
19.51
0.1
-0.364049
17.8887
0.635272
1.33675
21.115
0.583372
0.948377
19.51
0.1
-0.364049
21.115
0.583372
0.948377
21.432
0.760913
-1.1442
17.8293
0.639169
-2.21821
19.51
0.1
-0.364049
19.762
0.630913
-2.6442
19.762
0.630913
-2.6442
19.51
0.1
-0.364049
21.432
0.760913
-1.1442
16.2099
0.25
-4.65088
17.8293
0.639169
-2.21821
19.762
0.630913
-2.6442
16.2099
0.25
-4.65088
19.762
0.630913
-2.6442
16.0486
0.077202
-7.7706
16.0486
0.077202
-7.7706
19.762
0.630913
-2.6442
18.7369
0.097076
-7.21934
18.7369
0.097076
-7.21934
19.762
0.630913
-2.6442
21.432
0.760913
-1.1442
18.7369
0.097076
-7.21934
21.432
0.760913
-1.1442
23
0.2
-6.15854
5.56
0.1
-7.39313
-0.349271
0.1
-4.88282
6.95681
0.1
-4.72592
5.56
0.1
-7.39313
1
0.1
-6.86806
-0.349271
0.1
-4.88282
-0.349271
0.1
-4.88282
1
0.1
-6.86806
-4.74092
0.2
-7.77242
1
0.1
-6.86806
5.56
0.1
-7.39313
3.25763
0.097924
-9.88756
1
0.1
-6.86806
3.25763
0.1
-9.88756
-2
0.1
-10
1
0.1
-6.86806
-2
0.1
-10
-4.74092
0.2
-7.77724
-2
0.1
-10
3.25763
0.107924
-9.88756
0.598079
0.099409
-16.7796
