-97.2063
1.04874
-15.8545
-71.1517
1.69606
9.1086
-76.3814
1.97361
-13.2224
-71.1517
1.69606
9.1086
-97.2063
1.04874
-15.8545
-90.1837
2.13239
7.18282
-90.1837
2.13239
7.18282
-97.2063
1.04874
-15.8545
-101.003
2.29387
8.01642
-101.003
2.29387
8.01642
-101.535
4.18098
10.0365
-90.1837
2.13239
7.18282
-90.1837
2.13239
7.18282
-101.535
4.18098
10.0365
-78.9211
3
10.5004
-90.1837
2.13239
7.18282
-78.9211
3
10.5004
-71.1517
1.69606
9.1086
-101.535
4.18098
10.0365
-109.076
4.5058
41.6046
-78.9211
3
10.5004
-109.076
4.5058
41.6046
-78.905
3.94077
49.8445
-78.9211
3
10.5004
-78.9211
3
10.5004
-78.905
3.94077
49.8445
-71.3218
4.04528
44.4557
-78.9211
3
10.5004
-71.3218
4.04528
44.4557
-71.1517
1.69606
9.1086
-71.1517
1.69606
9.1086
-71.3218
4.04528
44.4557
-65.2111
2.94843
12.4227
-65.2111
2.94843
12.4227
-71.3218
4.04528
44.4557
-41.507
3.19423
16.5836
-41.507
3.19423
16.5836
-71.3218
4.04528
44.4557
-57.778
2.88982
40.4357
-71.3218
4.04528
44.4557
-78.905
3.94077
49.8445
-62.8289
2.8877
53.4412
-57.778
2.88982
40.4357
-71.3218
4.04528
44.4557
-62.8289
2.8877
53.4412
-62.8289
2.8877
53.4412
-33.8222
2.78722
31.1328
-57.778
2.88982
40.4357
-41.507
3.19423
16.5836
-57.778
2.88982
40.4357
-33.8222
2.78722
31.1328
-41.507
3.19423
16.5836
-33.8222
2.78722
31.1328
-31.1064
0.735668
15.977
-31.1064
0.735668
15.977
-33.8222
2.78722
31.1328
4.26957
0.130466
26.9939
-31.1064
0.735668
15.977
4.26957
0.130466
26.9939
-5.4607
1.15664
18.0349
-31.1064
0.735668
15.977
-5.4607
1.15664
18.0349
-2.84976
1.2305
2.9407
-31.1064
0.735668
15.977
-2.84976
1.2305
2.9407
-26.4747
1.15956
-15.7817
-26.4747
1.15956
-15.7817
-2.84976
1.2305
2.9407
-4.59109
1.89178
-15.978
-26.4747
1.15956
-15.7817
-4.59109
1.89178
-15.978
-20.0284
2.9
-24.5034
-20.0284
2.9
-24.5034
-4.59109
1.89178
-15.978
-8.88323
2.7092
-23.1967
-20.0284
2.9
-24.5034
-8.88323
2.7092
-23.1967
-19.2153
3
-28.6658
-19.2153
3
-28.6658
-8.88323
2.7092
-23.1967
-12.4041
3.22
-30.132
-12.4041
3.22
-30.132
-8.88323
2.7092
-23.1967
-3.6046
3
-29.5521
-12.4041
3.22
-30.132
-3.6046
3
-29.5521
-5.81767
1.58
-31.2393
-19.2153
3
-28.6658
-12.4041
3.22
-30.132
-17.4378
1.58
-29.9477
-17.4378
1.58
-29.9477
-12.4041
3.22
-30.132
-12.3759
1.58
-31.2507
-12.3759
1.58
-31.2507
-12.4041
3.22
-30.132
-5.81767
1.58
-31.2393
-17.4378
1.58
-29.9477
-12.3759
1.58
-31.2507
-32
2
-39
-12.3759
1.58
-31.2507
-5.81767
1.58
-31.2393
-5.52925
1.36
-38.783
-32
2
-39
-12.3759
1.58
-31.2507
-5.52925
1.36
-38.783
-32
2
-39
-5.52925
1.36
-38.783
-36.1373
2.30379
-45.3681
-36.1373
2.30379
-45.3681
-5.52925
1.36
-38.783
-4.10336
3.02651
-51.835
-36.1373
2.30379
-45.3681
-4.10336
3.02651
-51.835
-36.3262
2.06956
-58.1935
-36.3262
2.06956
-58.1935
-4.10336
3.02651
-51.835
-5.91788
3.20137
-55.9072
-36.3262
2.06956
-58.1935
-5.91788
3.20137
-55.9072
-20.3955
2.26298
-62.6227
