-4.57603
0.0769107
6.1099
0.712482
0.403752
6.19399
1.53134
0.166225
-0.890965
-4.57603
0.0769107
6.1099
1.53134
0.166225
-0.890965
-4.71317
0.102813
-1.32226
-4.60841
0.0586413
-7.77787
-4.71317
0.102813
-1.32226
1.53134
0.166225
-0.890965
-4.60841
0.0586413
-7.77787
1.53134
0.166225
-0.890965
0.872058
-1.40034
-7.18
-4.57603
0.0769107
6.1099
-4.71317
0.102813
-1.32226
-5.88328
0.862885
6.11947
-4.71317
0.102813
-1.32226
-4.60841
0.0586413
-7.77787
-5.99564
0.758788
-7.86709
-7.64108
0.757541
-0.918027
-8.33143
0.776103
-5.93392
-10.3021
0.757445
-4.27045
