-105
2
10
-74
2.1
-7.5
-97.2252
1.74833
-8.92721
-74
2.1
-7.5
-105
2
10
-96.5103
2.15
7
-96.5103
2.15
7
-81.0501
1.25275
8.16152
-74
2.1
-7.5
-105
2
10
-104
4.1
12
-96.5103
2.15
7
-104
4.1
12
-96.9009
4
8.29748
-96.5103
2.15
7
-96.5103
2.15
7
-96.9009
4
8.29748
-81.0501
1.25275
8.16152
-96.9009
4
8.29748
-90.1811
4
9.08549
-81.0501
1.25275
8.16152
-90.1811
4
9.08549
-79.4403
2.84096
10.9281
-81.0501
1.25275
8.16152
-96.9009
4
8.29748
-104
4.1
12
-110
4
38
-96.9009
4
8.29748
-110
4
38
-96
3.8
35
-96.9009
4
8.29748
-96
3.8
35
-84.97
4
17.6457
-96.9009
4
8.29748
-84.97
4
17.6457
-90.1811
4
9.08549
-90.1811
4
9.08549
-84.97
4
17.6457
-87
3.87
10
-90.1811
4
9.08549
-87
3.87
10
-79.4403
2.84096
10.9281
-87
3.87
10
-84.97
4
17.6457
-84
2.8
12
-87
3.87
10
-84
2.8
12
-79.4403
2.84096
10.9281
-84
2.8
12
-84.97
4
17.6457
-79.4403
2.84096
10.9281
-84.97
4
17.6457
-77.1985
2.87
13.8601
-79.4403
2.84096
10.9281
-84.97
4
17.6457
-77.236
3.8
21.3698
-77.1985
2.87
13.8601
-84.97
4
17.6457
-96
3.8
35
-77.236
3.8
21.3698
-96
3.8
35
-110
4
38
-110
4
45
-96
3.8
35
-110
4
45
-96.3971
3.05
45.4799
-77.236
3.8
21.3698
-96
3.8
35
-96.3971
3.05
45.4799
-77.236
3.8
21.3698
-96.3971
3.05
45.4799
-74.3388
4.29
41.8007
-77.236
3.8
21.3698
-74.3388
4.29
41.8007
-74
2.8
20.91
-74
2.8
20.91
-74.3388
4.29
41.8007
-72.1394
3.73
41.3201
-74
2.8
20.91
-72.1394
3.73
41.3201
-66.7182
2.8
50
-66.7182
2.8
50
-65.81
3.08
33.6421
-74
2.8
20.91
-74
2.8
20.91
-65.81
3.08
33.6421
-60
2.9
20
-65.81
3.08
33.6421
-66.7182
2.8
50
-60
2.2
41
-60
2.9
20
-65.81
3.08
33.6421
-60
2.2
41
-60
2.2
41
-66.7182
2.8
50
-52.8212
2.63
50
-60
2.9
20
-60
2.2
41
-50
2.86
20
-50
2.86
20
-60
2.2
41
-47.3118
2.82
29.3815
-47.3118
2.82
29.3815
-60
2.2
41
-50
2.2
39.2903
-50
2.2
39.2903
-60
2.2
41
-52.8212
2.63
50
