-105
2
10
-74
2.1
-7.5
-97.2252
1.74833
-8.92721
-74
2.1
-7.5
-105
2
10
-96.5103
2.15
7
-96.5103
2.15
7
-81.0501
1.25275
8.16152
-74
2.1
-7.5
-105
2
10
-104
4.1
12
-96.5103
2.15
7
-104
4.1
12
-96.9009
4
8.29748
-96.5103
2.15
7
-96.5103
2.15
7
-96.9009
4
8.29748
-81.0501
1.25275
8.16152
-96.9009
4
8.29748
-90.1811
4
9.08549
-81.0501
1.25275
8.16152
-90.1811
4
9.08549
-79.4403
2.84096
10.9281
-81.0501
1.25275
8.16152
-96.9009
4
8.29748
-104
4.1
12
-110
4
38
-96.9009
4
8.29748
-110
4
38
-96
3.8
35
-96.9009
4
8.29748
-96
3.8
35
-84.97
4
17.6457
-96.9009
4
8.29748
-84.97
4
17.6457
-90.1811
4
9.08549
-90.1811
4
9.08549
-84.97
4
17.6457
-87
3.87
10
-90.1811
4
9.08549
-87
3.87
10
-79.4403
2.84096
10.9281
-87
3.87
10
-84.97
4
17.6457
-84
2.8
12
-87
3.87
10
-84
2.8
12
-79.4403
2.84096
10.9281
-84
2.8
12
-84.97
4
17.6457
-79.4403
2.84096
10.9281
-84.97
4
17.6457
-77.1985
2.87
13.8601
-79.4403
2.84096
10.9281
-84.97
4
17.6457
-77.236
3.8
21.3698
-77.1985
2.87
13.8601
-84.97
4
17.6457
-96
3.8
35
-77.236
3.8
21.3698
-96
3.8
35
-110
4
38
-110
4
45
-96
3.8
35
-110
4
45
-96.3971
3.05
45.4799
-77.236
3.8
21.3698
-96
3.8
35
-96.3971
3.05
45.4799
-77.236
3.8
21.3698
-96.3971
3.05
45.4799
-74.3388
4.29
41.8007
-77.236
3.8
21.3698
-74.3388
4.29
41.8007
-74
2.8
20.91
-74
2.8
20.91
-74.3388
4.29
41.8007
-72.1394
3.73
41.3201
-74
2.8
20.91
-72.1394
3.73
41.3201
-66.7182
2.8
50
-66.7182
2.8
50
-65.81
3.08
33.6421
-74
2.8
20.91
-74
2.8
20.91
-65.81
3.08
33.6421
-60
2.9
20
-65.81
3.08
33.6421
-66.7182
2.8
50
-60
2.2
41
-60
2.9
20
-65.81
3.08
33.6421
-60
2.2
41
-60
2.2
41
-66.7182
2.8
50
-52.8212
2.63
50
-60
2.9
20
-60
2.2
41
-50
2.86
20
-50
2.86
20
-60
2.2
41
-47.3118
2.82
29.3815
-47.3118
2.82
29.3815
-60
2.2
41
-50
2.2
39.2903
-50
2.2
39.2903
-60
2.2
41
-52.8212
2.63
50
-50
2.86
20
-47.3118
2.82
29.3815
-39
2.8
20
-39
2.8
20
-47.3118
2.82
29.3815
-35.4608
3.01
38
-35.4608
3.01
38
-47.3118
2.82
29.3815
-50
2.2
39.2903
-35.4608
3.01
38
-50
2.2
39.2903
-52.8212
2.63
50
-39
2.8
20
-35.4608
3.01
38
-30
0.6
21
-30
0.6
21
-35.4608
3.01
38
-28
1.3
32
-28
1.3
32
-35.4608
3.01
38
-25.8404
1.13
38.05
-30
0.6
21
-28
1.3
32
-27
0.3
32
-27
0.3
32
-28
1.3
32
-25.8404
1.13
38.05
-30
0.6
21
-27
0.3
32
-20
0.16
17.9897
-20
0.16
17.9897
-27
0.3
32
-4.98968
-0.46
30.46
-20
0.16
17.9897
-4.98968
-0.46
30.46
0
0.39
7.67
-20
0.16
17.9897
0
0.39
7.67
-17
0.4
0.84
-0
0.39
7.67
-4.45
0.34
4.38
-17
0.4
0.84
-0
0.39
7.67
0.58
0.09
5.07
-4.45
0.34
4.38
-17
0.4
0.84
-4.45
0.34
4.38
-19.5103
0.35
-1.39
-19.5103
0.35
-1.39
-4.45
0.34
4.38
-10.1301
0.33
-1.33
-10.1301
0.33
-1.33
-4.45
0.34
4.38
-6.32
0.14
-0.74
-6.32
0.14
-0.74
-4.45
0.34
4.38
-3.3
-0.4
2.91
-3.3
-0.4
2.91
-4.45
0.34
4.38
0.58
0.09
5.07
-19.5103
0.35
-1.39
-10.1301
0.33
-1.33
-14.3501
0.32
-3.14
-14.3501
0.32
-3.14
-10.1301
0.33
-1.33
-8
-0.17
-2.89
-8
-0.17
-2.89
-10.1301
0.33
-1.33
-6.32
0.14
-0.74
-8
-0.17
-2.89
-6.32
0.14
-0.74
-4.4
-0.11
-1.82
-3.3
-0.4
2.91
-4.4
-0.11
-1.82
-6.32
0.14
-0.74
-3.3
-0.4
2.91
0.58
0.09
5.07
0.9
0
3.03
-4.4
-0.11
-1.82
-3.3
-0.4
2.91
0.9
0
3.03
-19.5103
0.35
-1.39
-14.3501
0.32
-3.14
-25.16
1.82
-16.36
-12.2497
1.65
-12.1899
-14.3501
0.32
-3.14
-8
-0.17
-2.89
-25.16
1.82
-16.36
-14.3501
0.32
-3.14
-12.2497
1.65
-12.1899
-12.2497
1.65
-12.1899
-8
-0.17
-2.89
-4.4
-0.11
-1.82
-12.2497
1.65
-12.1899
-4.4
-0.11
-1.82
0
1.28
-12.8099
-25.16
1.82
-16.36
-12.2497
1.65
-12.1899
-12.2497
1.92
-17.39
-12.2497
1.92
-17.39
-12.2497
1.65
-12.1899
0
1.28
-12.8099
-25.16
1.82
-16.36
-12.2497
1.92
-17.39
-14.4101
2.39
-21.96
-14.4101
2.39
-21.96
-12.2497
1.92
-17.39
-5.58
1.85
-17.2
-5.58
1.85
-17.2
-12.2497
1.92
-17.39
0
1.28
-12.8099
-25.16
1.82
-16.36
-14.4101
2.39
-21.96
-20.7699
2.13
-19.1901
-20.7699
2.13
-19.1901
-14.4101
2.39
-21.96
-20.51
2.96
-27.0703
-20.51
2.96
-27.0703
-14.4101
2.39
-21.96
-15.77
3.22
-29.91
-15.77
3.22
-29.91
-14.4101
2.39
-21.96
-7.09001
2.93
-27.4403
-7.09001
2.93
-27.4403
-14.4101
2.39
-21.96
-5.58
1.85
-17.2
-15.77
3.22
-29.91
-7.09001
2.93
-27.4403
-8.74002
3.17
-30.08
-8.74002
3.17
-30.08
-7.09001
2.93
-27.4403
-4.19
2.32
-29.37
-20.51
2.96
-27.0703
-15.77
3.22
-29.91
-19.29
3.04
-28.68
-20.51
2.96
-27.0703
-19.29
3.04
-28.68
-20.95
1.32
-28.15
-19.29
3.04
-28.68
-15.77
3.22
-29.91
-18.37
1.3
-30.12
-20.95
1.32
-28.15
-19.29
3.04
-28.68
-18.37
1.3
-30.12
-18.37
1.3
-30.12
-15.77
3.22
-29.91
-16.39
1.51
-31.08
-16.39
1.51
-31.08
-15.77
3.22
-29.91
-8.74002
3.17
-30.08
-16.39
1.51
-31.08
-8.74002
3.17
-30.08
-7.07
1.1
-31.3
-7.07
1.1
-31.3
-8.74002
3.17
-30.08
-4.19
2.32
-29.37
